17.0
14.0
19.0
35.0
36.0
14.0
11.0
49.0
34.0
23.0
19.0
28.0
22.0
12.0
42.0
15.0
45.0
14.0
11.0
30.0
16.0
23.0
29.0
12.0
39.0
29.0
25.0
28.0
91.0
10.0
15.0
19.0
48.0
14.0
16.0
24.0
14.0
14.0
19.0
22.0
15.0
18.0
16.0
15.0
16.0
11.0
19.0
14.0
14.0
18.0
22.0
11.0
18.0
12.0
11.0
10.0
34.0
20.0
13.0
21.0
14.0
12.0
10.0
15.0
20.0
23.0
20.0
21.0
11.0
31.0
20.0
10.0
17.0
16.0
16.0
22.0
13.0
16.0
11.0
11.0
18.0
40.0
13.0
17.0
16.0
11.0
24.0
16.0
15.0
14.0
29.0
19.0
15.0
14.0
10.0
15.0
13.0
19.0
12.0
14.0
9.0
18.0
18.0
14.0
15.0
12.0
13.0
15.0
9.0
43.0
10.0
12.0
17.0
15.0
9.0
14.0
11.0
17.0
14.0
10.0
23.0
11.0
21.0
9.0
17.0
26.0
22.0
12.0
12.0
11.0
12.0
10.0
11.0
40.0
18.0
10.0
10.0
9.0
13.0
12.0
24.0
11.0
12.0
15.0
20.0
13.0
11.0
17.0
8.0
12.0
18.0
13.0
9.0
13.0
11.0
12.0
10.0
12.0
11.0
11.0
10.0
15.0
14.0
13.0
16.0
10.0
12.0
16.0
15.0
10.0
11.0
10.0
13.0
12.0
10.0
11.0
18.0
10.0
16.0
9.0
16.0
10.0
10.0
10.0
24.0
11.0
11.0
14.0
14.0
15.0
16.0
12.0
10.0
12.0
9.0
20.0
12.0
15.0
8.0
16.0
13.0
10.0
11.0
10.0
11.0
8.0
26.0
14.0
10.0
10.0
9.0
13.0
13.0
13.0
10.0
14.0
9.0
13.0
10.0
13.0
12.0
12.0
11.0
15.0
11.0
9.0
12.0
10.0
11.0
13.0
11.0
8.0
12.0
11.0
11.0
13.0
12.0
10.0
10.0
11.0
10.0
13.0
11.0
10.0
9.0
10.0
9.0
13.0
13.0
10.0
10.0
9.0
13.0
13.0
11.0
14.0
13.0
9.0
12.0
13.0
10.0
12.0
9.0
9.0
12.0
11.0
10.0
9.0
9.0
9.0
9.0
18.0
10.0
9.0
9.0
8.0
12.0
11.0
12.0
10.0
14.0
9.0
11.0
12.0
11.0
10.0
10.0
9.0
13.0
11.0
8.0
12.0
18.0
11.0
11.0
11.0
9.0
10.0
11.0
11.0
10.0
11.0
9.0
10.0
10.0
12.0
12.0
8.0
9.0
10.0
11.0
11.0
10.0
10.0
10.0
10.0
9.0
9.0
10.0
11.0
10.0
12.0
10.0
12.0
10.0
13.0
9.0
12.0
12.0
16.0
8.0
9.0
8.0
10.0
12.0
9.0
10.0
12.0
9.0
9.0
10.0
11.0
12.0
11.0
10.0
9.0
8.0
13.0
10.0
11.0
10.0
12.0
12.0
9.0
9.0
10.0
8.0
9.0
9.0
10.0
13.0
9.0
8.0
9.0
11.0
13.0
10.0
12.0
9.0
9.0
10.0
10.0
9.0
9.0
10.0
9.0
12.0
9.0
10.0
8.0
12.0
9.0
10.0
9.0
11.0
10.0
9.0
10.0
22.0
9.0
11.0
14.0
14.0
10.0
9.0
10.0
12.0
12.0
9.0
8.0
9.0
9.0
10.0
8.0
10.0
10.0
10.0
9.0
13.0
9.0
10.0
11.0
13.0
11.0
9.0
11.0
9.0
13.0
8.0
10.0
9.0
9.0
10.0
9.0
9.0
11.0
10.0
10.0
12.0
10.0
10.0
9.0
11.0
12.0
11.0
11.0
10.0
12.0
11.0
10.0
9.0
11.0
10.0
13.0
10.0
11.0
9.0
10.0
12.0
9.0
10.0
10.0
10.0
10.0
10.0
9.0
10.0
10.0
9.0
10.0
10.0
8.0
10.0
12.0
9.0
10.0
9.0
9.0
10.0
9.0
10.0
9.0
9.0
10.0
9.0
9.0
11.0
8.0
10.0
10.0
9.0
8.0
10.0
10.0
8.0
9.0
10.0
10.0
9.0
10.0
10.0
11.0
8.0
10.0
10.0
10.0
10.0
11.0
10.0
10.0
9.0
14.0
12.0
9.0
9.0
11.0
11.0
8.0
10.0
10.0
9.0
9.0
9.0
9.0
9.0
10.0
10.0
9.0
9.0
10.0
10.0
8.0
10.0
11.0
10.0
10.0
9.0
10.0
9.0
12.0
10.0
9.0
10.0
9.0
11.0
10.0
9.0
10.0
9.0
10.0
9.0
10.0
10.0
10.0
8.0
8.0
10.0
9.0
11.0
8.0
9.0
9.0
10.0
9.0
10.0
10.0
11.0
10.0
15.0
9.0
10.0
9.0
8.0
9.0
10.0
10.0
9.0
10.0
10.0
9.0
11.0
13.0
9.0
10.0
9.0
11.0
10.0
9.0
9.0
9.0
9.0
10.0
9.0
10.0
12.0
9.0
13.0
10.0
10.0
9.0
12.0
9.0
10.0
10.0
10.0
10.0
11.0
10.0
9.0
11.0
8.0
10.0
10.0
9.0
10.0
10.0
9.0
8.0
10.0
9.0
9.0
10.0
12.0
10.0
10.0
10.0
10.0
8.0
9.0
10.0
11.0
10.0
10.0
12.0
10.0
8.0
10.0
10.0
10.0
9.0
9.0
12.0
10.0
9.0
9.0
10.0
10.0
9.0
11.0
10.0
10.0
9.0
10.0
9.0
9.0
10.0
10.0
9.0
8.0
10.0
9.0
9.0
9.0
9.0
9.0
9.0
9.0
10.0
10.0
8.0
12.0
8.0
9.0
9.0
10.0
9.0
9.0
9.0
9.0
10.0
10.0
9.0
10.0
8.0
9.0
8.0
8.0
10.0
11.0
9.0
8.0
9.0
8.0
11.0
9.0
9.0
10.0
9.0
9.0
8.0
9.0
11.0
11.0
10.0
10.0
9.0
10.0
10.0
10.0
10.0
8.0
9.0
9.0
10.0
9.0
10.0
8.0
9.0
9.0
10.0
9.0
9.0
9.0
10.0
9.0
8.0
10.0
10.0
10.0
9.0
10.0
12.0
10.0
10.0
8.0
9.0
10.0
9.0
10.0
9.0
10.0
8.0
10.0
10.0
8.0
9.0
9.0
9.0
10.0
10.0
10.0
9.0
9.0
10.0
9.0
10.0
9.0
9.0
9.0
9.0
10.0
9.0
10.0
9.0
9.0
9.0
10.0
10.0
11.0
10.0
9.0
10.0
9.0
11.0
11.0
12.0
9.0
10.0
9.0
12.0
8.0
9.0
10.0
10.0
8.0
9.0
9.0
9.0
9.0
10.0
8.0
9.0
10.0
10.0
9.0
9.0
10.0
10.0
9.0
9.0
9.0
10.0
11.0
9.0
9.0
9.0
10.0
10.0
9.0
10.0
10.0
10.0
10.0
9.0
9.0
11.0
8.0
9.0
8.0
9.0
10.0
9.0
10.0
10.0
10.0
9.0
8.0
12.0
8.0
9.0
13.0
11.0
9.0
8.0
9.0
8.0
8.0
9.0
10.0
9.0
11.0
10.0
9.0
10.0
9.0
9.0
10.0
9.0
10.0
9.0
10.0
10.0
10.0
10.0
10.0
10.0
9.0
9.0
9.0
10.0
9.0
9.0
8.0
9.0
8.0
8.0
10.0
10.0
9.0
10.0
9.0
10.0
9.0
8.0
9.0
10.0
10.0
10.0
9.0
9.0
9.0
9.0
8.0
10.0
8.0
9.0
10.0
10.0
9.0
10.0
10.0
10.0
10.0
9.0
9.0
9.0
10.0
9.0
10.0
8.0
10.0
9.0
9.0
9.0
9.0
9.0
9.0
10.0
9.0
11.0
10.0
10.0
9.0
9.0
10.0
8.0
10.0
9.0
9.0
8.0
9.0
9.0
9.0
10.0
9.0
10.0
9.0
8.0
9.0
10.0
9.0
9.0
10.0
10.0
11.0
9.0
11.0
9.0
10.0
10.0
9.0
10.0
10.0
10.0
9.0
10.0
9.0
10.0
10.0
10.0
10.0
8.0
9.0
9.0
8.0
10.0
10.0
10.0
9.0
8.0
10.0
9.0
9.0
9.0
9.0
8.0
9.0
9.0
8.0
11.0
11.0
9.0
8.0
10.0
8.0
11.0
10.0
9.0
8.0
10.0
10.0
9.0
8.0
8.0
10.0
10.0
9.0
10.0
9.0
11.0
9.0
9.0
10.0
10.0
9.0
10.0
10.0
9.0
10.0
10.0
9.0
10.0
9.0
9.0
8.0
10.0
8.0
9.0
9.0
9.0
