13.0
35.0
30.0
15.0
19.0
37.0
23.0
18.0
10.0
22.0
16.0
14.0
17.0
22.0
13.0
24.0
20.0
14.0
17.0
18.0
12.0
12.0
14.0
17.0
12.0
20.0
18.0
20.0
20.0
13.0
13.0
16.0
32.0
17.0
31.0
26.0
21.0
17.0
20.0
39.0
46.0
22.0
48.0
12.0
31.0
18.0
43.0
15.0
48.0
35.0
15.0
48.0
30.0
33.0
17.0
19.0
14.0
18.0
18.0
37.0
19.0
37.0
15.0
104.0
34.0
40.0
11.0
25.0
40.0
19.0
63.0
22.0
29.0
36.0
136.0
51.0
27.0
45.0
14.0
49.0
27.0
36.0
62.0
53.0
32.0
17.0
81.0
59.0
34.0
94.0
25.0
42.0
52.0
24.0
39.0
30.0
55.0
21.0
39.0
35.0
38.0
45.0
76.0
98.0
117.0
25.0
91.0
52.0
27.0
52.0
23.0
31.0
20.0
20.0
51.0
23.0
16.0
23.0
33.0
37.0
41.0
34.0
29.0
28.0
14.0
33.0
25.0
33.0
33.0
45.0
41.0
18.0
56.0
16.0
27.0
76.0
34.0
48.0
87.0
27.0
42.0
69.0
75.0
36.0
30.0
106.0
49.0
42.0
49.0
25.0
41.0
32.0
35.0
41.0
18.0
60.0
34.0
40.0
30.0
21.0
46.0
31.0
45.0
52.0
32.0
37.0
33.0
64.0
32.0
75.0
133.0
38.0
19.0
86.0
38.0
63.0
36.0
53.0
43.0
43.0
26.0
45.0
34.0
25.0
35.0
23.0
53.0
71.0
35.0
55.0
24.0
31.0
34.0
74.0
39.0
33.0
45.0
41.0
67.0
49.0
54.0
86.0
44.0
39.0
64.0
81.0
82.0
107.0
82.0
43.0
63.0
95.0
52.0
48.0
72.0
59.0
88.0
57.0
39.0
34.0
44.0
32.0
40.0
85.0
19.0
75.0
35.0
58.0
68.0
97.0
52.0
86.0
32.0
71.0
61.0
27.0
110.0
201.0
122.0
42.0
57.0
44.0
45.0
45.0
62.0
42.0
111.0
38.0
72.0
39.0
32.0
25.0
64.0
33.0
73.0
40.0
38.0
45.0
60.0
48.0
42.0
16.0
58.0
53.0
32.0
20.0
35.0
40.0
53.0
54.0
56.0
32.0
28.0
46.0
45.0
64.0
55.0
54.0
39.0
87.0
60.0
102.0
59.0
44.0
62.0
76.0
80.0
39.0
50.0
57.0
66.0
58.0
46.0
88.0
59.0
32.0
91.0
107.0
133.0
190.0
121.0
155.0
133.0
52.0
43.0
68.0
81.0
91.0
45.0
81.0
108.0
103.0
51.0
70.0
48.0
105.0
129.0
64.0
66.0
130.0
60.0
76.0
90.0
74.0
90.0
102.0
92.0
138.0
129.0
118.0
70.0
50.0
63.0
84.0
31.0
93.0
62.0
83.0
58.0
53.0
87.0
115.0
48.0
97.0
88.0
50.0
116.0
137.0
108.0
125.0
88.0
53.0
108.0
162.0
131.0
143.0
53.0
110.0
64.0
59.0
54.0
53.0
35.0
64.0
29.0
81.0
52.0
49.0
115.0
108.0
124.0
82.0
108.0
111.0
124.0
41.0
70.0
53.0
82.0
124.0
126.0
112.0
104.0
58.0
123.0
110.0
125.0
118.0
135.0
112.0
62.0
114.0
132.0
41.0
72.0
124.0
70.0
104.0
106.0
100.0
116.0
106.0
124.0
108.0
97.0
115.0
112.0
79.0
103.0
72.0
110.0
123.0
110.0
138.0
122.0
124.0
120.0
109.0
131.0
123.0
110.0
132.0
118.0
118.0
133.0
111.0
104.0
91.0
133.0
104.0
110.0
118.0
104.0
124.0
61.0
86.0
114.0
131.0
154.0
127.0
103.0
65.0
59.0
59.0
127.0
132.0
129.0
138.0
119.0
122.0
110.0
149.0
120.0
62.0
104.0
95.0
46.0
38.0
111.0
116.0
96.0
115.0
117.0
119.0
106.0
74.0
119.0
61.0
43.0
76.0
74.0
128.0
135.0
90.0
106.0
114.0
126.0
102.0
104.0
102.0
96.0
138.0
100.0
126.0
100.0
101.0
115.0
137.0
126.0
105.0
102.0
110.0
136.0
104.0
118.0
125.0
109.0
135.0
104.0
63.0
53.0
87.0
114.0
133.0
152.0
121.0
129.0
105.0
72.0
110.0
53.0
142.0
131.0
61.0
112.0
125.0
113.0
54.0
62.0
103.0
110.0
78.0
134.0
70.0
109.0
81.0
121.0
109.0
113.0
108.0
125.0
101.0
60.0
98.0
52.0
123.0
60.0
64.0
74.0
62.0
53.0
107.0
115.0
64.0
75.0
105.0
78.0
68.0
61.0
61.0
104.0
74.0
59.0
75.0
53.0
73.0
43.0
35.0
41.0
61.0
66.0
61.0
44.0
72.0
70.0
62.0
97.0
51.0
125.0
98.0
100.0
115.0
128.0
113.0
134.0
125.0
109.0
166.0
108.0
110.0
146.0
140.0
137.0
112.0
124.0
124.0
111.0
123.0
121.0
143.0
162.0
124.0
141.0
134.0
112.0
113.0
157.0
108.0
148.0
121.0
109.0
123.0
119.0
146.0
120.0
112.0
122.0
144.0
148.0
114.0
123.0
139.0
122.0
175.0
116.0
152.0
129.0
113.0
123.0
132.0
137.0
152.0
162.0
122.0
99.0
135.0
150.0
170.0
131.0
111.0
101.0
139.0
123.0
102.0
105.0
120.0
117.0
119.0
107.0
113.0
58.0
76.0
90.0
68.0
108.0
104.0
64.0
113.0
85.0
89.0
79.0
105.0
117.0
129.0
101.0
74.0
117.0
97.0
128.0
111.0
109.0
116.0
124.0
114.0
115.0
123.0
123.0
148.0
93.0
107.0
110.0
108.0
140.0
122.0
102.0
133.0
110.0
116.0
112.0
106.0
93.0
126.0
105.0
123.0
119.0
131.0
131.0
115.0
115.0
142.0
152.0
103.0
128.0
111.0
133.0
108.0
110.0
132.0
121.0
120.0
106.0
172.0
145.0
133.0
124.0
126.0
149.0
105.0
164.0
146.0
124.0
116.0
108.0
142.0
125.0
135.0
121.0
163.0
111.0
149.0
132.0
115.0
159.0
190.0
119.0
133.0
116.0
117.0
114.0
137.0
124.0
171.0
145.0
112.0
145.0
106.0
126.0
127.0
114.0
107.0
132.0
111.0
138.0
110.0
115.0
124.0
111.0
100.0
116.0
116.0
146.0
99.0
135.0
122.0
105.0
117.0
123.0
99.0
112.0
115.0
121.0
121.0
131.0
132.0
117.0
136.0
128.0
129.0
127.0
105.0
113.0
120.0
125.0
117.0
124.0
120.0
135.0
109.0
113.0
100.0
65.0
101.0
139.0
105.0
129.0
108.0
117.0
132.0
111.0
110.0
126.0
106.0
103.0
118.0
133.0
133.0
116.0
114.0
100.0
133.0
85.0
114.0
100.0
100.0
60.0
106.0
113.0
73.0
48.0
53.0
56.0
64.0
64.0
51.0
71.0
81.0
61.0
51.0
77.0
63.0
63.0
65.0
68.0
101.0
82.0
113.0
88.0
74.0
58.0
70.0
49.0
66.0
65.0
63.0
101.0
57.0
106.0
66.0
87.0
62.0
66.0
65.0
61.0
68.0
76.0
59.0
59.0
106.0
67.0
59.0
57.0
57.0
127.0
84.0
48.0
103.0
111.0
71.0
71.0
61.0
103.0
54.0
121.0
105.0
97.0
71.0
81.0
104.0
41.0
64.0
50.0
92.0
52.0
73.0
51.0
65.0
67.0
74.0
75.0
83.0
95.0
105.0
96.0
97.0
86.0
101.0
103.0
98.0
127.0
120.0
107.0
155.0
102.0
129.0
100.0
122.0
98.0
98.0
111.0
95.0
58.0
101.0
99.0
116.0
133.0
109.0
126.0
170.0
114.0
115.0
57.0
106.0
104.0
103.0
61.0
138.0
104.0
105.0
100.0
105.0
75.0
100.0
66.0
61.0
51.0
86.0
117.0
73.0
97.0
77.0
71.0
109.0
91.0
127.0
146.0
102.0
102.0
103.0
131.0
61.0
115.0
117.0
120.0
151.0
129.0
110.0
97.0
51.0
104.0
98.0
106.0
128.0
112.0
126.0
109.0
105.0
115.0
89.0
86.0
74.0
80.0
109.0
83.0
100.0
114.0
84.0
99.0
102.0
122.0
100.0
130.0
108.0
106.0
112.0
127.0
55.0
69.0
59.0
50.0
100.0
116.0
72.0
112.0
101.0
127.0
110.0
97.0
111.0
133.0
110.0
109.0
114.0
115.0
111.0
120.0
110.0
138.0
163.0
119.0
144.0
