15.0
9.0
20.0
12.0
8.0
13.0
59.0
45.0
105.0
33.0
34.0
23.0
92.0
100.0
123.0
41.0
23.0
67.0
34.0
23.0
59.0
36.0
20.0
10.0
29.0
51.0
24.0
50.0
22.0
9.0
37.0
15.0
9.0
15.0
29.0
24.0
42.0
23.0
46.0
31.0
14.0
10.0
16.0
9.0
19.0
26.0
72.0
84.0
27.0
13.0
10.0
11.0
9.0
9.0
8.0
10.0
40.0
12.0
10.0
14.0
9.0
12.0
11.0
22.0
9.0
10.0
10.0
21.0
9.0
33.0
55.0
10.0
156.0
20.0
9.0
94.0
9.0
24.0
9.0
16.0
15.0
19.0
18.0
16.0
16.0
23.0
15.0
26.0
17.0
22.0
27.0
35.0
113.0
14.0
17.0
23.0
24.0
94.0
38.0
13.0
38.0
16.0
55.0
20.0
17.0
33.0
14.0
99.0
61.0
70.0
30.0
20.0
22.0
27.0
11.0
77.0
23.0
10.0
19.0
47.0
76.0
71.0
24.0
17.0
47.0
64.0
27.0
43.0
84.0
82.0
38.0
17.0
21.0
26.0
34.0
38.0
16.0
95.0
26.0
51.0
75.0
16.0
13.0
20.0
38.0
42.0
15.0
70.0
103.0
53.0
41.0
29.0
37.0
19.0
14.0
135.0
22.0
80.0
29.0
43.0
39.0
36.0
31.0
27.0
48.0
160.0
47.0
24.0
21.0
45.0
27.0
130.0
38.0
81.0
47.0
46.0
26.0
19.0
30.0
19.0
97.0
48.0
22.0
17.0
21.0
64.0
43.0
33.0
40.0
67.0
110.0
52.0
36.0
20.0
18.0
59.0
37.0
29.0
57.0
24.0
412.0
59.0
17.0
20.0
58.0
36.0
35.0
66.0
36.0
29.0
23.0
69.0
104.0
53.0
204.0
76.0
48.0
33.0
20.0
27.0
72.0
63.0
31.0
33.0
97.0
202.0
54.0
39.0
37.0
41.0
179.0
38.0
43.0
54.0
43.0
74.0
54.0
40.0
37.0
58.0
51.0
39.0
66.0
82.0
67.0
25.0
30.0
23.0
51.0
40.0
42.0
221.0
58.0
230.0
310.0
52.0
59.0
51.0
72.0
85.0
109.0
51.0
50.0
54.0
64.0
52.0
34.0
93.0
47.0
82.0
50.0
89.0
146.0
70.0
100.0
53.0
69.0
55.0
31.0
57.0
59.0
72.0
48.0
43.0
102.0
62.0
48.0
103.0
60.0
85.0
96.0
66.0
201.0
240.0
97.0
80.0
77.0
33.0
50.0
117.0
82.0
60.0
310.0
54.0
75.0
48.0
38.0
59.0
425.0
132.0
51.0
43.0
47.0
76.0
90.0
64.0
265.0
70.0
75.0
75.0
62.0
86.0
110.0
35.0
82.0
37.0
60.0
67.0
247.0
54.0
75.0
49.0
96.0
56.0
33.0
45.0
31.0
62.0
86.0
500.0
302.0
277.0
78.0
48.0
55.0
74.0
60.0
132.0
176.0
240.0
93.0
49.0
70.0
79.0
211.0
78.0
79.0
85.0
97.0
115.0
52.0
58.0
159.0
64.0
117.0
88.0
178.0
124.0
87.0
108.0
55.0
72.0
162.0
367.0
285.0
297.0
211.0
102.0
79.0
102.0
310.0
91.0
208.0
290.0
52.0
178.0
145.0
104.0
57.0
54.0
53.0
57.0
396.0
134.0
105.0
79.0
72.0
47.0
91.0
348.0
205.0
42.0
44.0
119.0
166.0
110.0
69.0
136.0
60.0
122.0
94.0
61.0
37.0
35.0
30.0
31.0
135.0
77.0
95.0
89.0
88.0
81.0
65.0
67.0
90.0
66.0
64.0
53.0
85.0
30.0
34.0
40.0
96.0
76.0
82.0
71.0
85.0
83.0
51.0
41.0
154.0
37.0
58.0
110.0
41.0
218.0
67.0
113.0
77.0
82.0
152.0
158.0
359.0
500.0
161.0
496.0
73.0
94.0
255.0
475.0
350.0
360.0
379.0
500.0
500.0
106.0
363.0
93.0
59.0
217.0
183.0
101.0
50.0
59.0
74.0
83.0
43.0
29.0
60.0
39.0
34.0
41.0
62.0
171.0
149.0
148.0
357.0
70.0
68.0
62.0
68.0
59.0
66.0
83.0
60.0
44.0
84.0
49.0
53.0
49.0
35.0
44.0
80.0
53.0
33.0
69.0
150.0
88.0
318.0
72.0
92.0
500.0
158.0
42.0
71.0
54.0
135.0
46.0
101.0
169.0
52.0
100.0
93.0
283.0
59.0
423.0
130.0
204.0
348.0
500.0
222.0
68.0
49.0
231.0
123.0
56.0
49.0
78.0
179.0
201.0
85.0
53.0
71.0
40.0
40.0
500.0
37.0
85.0
197.0
201.0
450.0
500.0
76.0
500.0
448.0
79.0
315.0
500.0
327.0
488.0
223.0
447.0
212.0
192.0
185.0
500.0
418.0
500.0
151.0
278.0
288.0
500.0
459.0
205.0
222.0
380.0
186.0
390.0
162.0
204.0
188.0
128.0
174.0
225.0
290.0
241.0
189.0
193.0
158.0
253.0
166.0
216.0
240.0
222.0
