13.0
28.0
27.0
11.0
21.0
20.0
17.0
14.0
15.0
18.0
10.0
19.0
17.0
17.0
13.0
21.0
16.0
10.0
16.0
14.0
15.0
17.0
30.0
11.0
20.0
22.0
18.0
25.0
12.0
19.0
20.0
89.0
35.0
21.0
16.0
42.0
39.0
38.0
26.0
19.0
17.0
19.0
92.0
33.0
74.0
86.0
37.0
17.0
31.0
52.0
50.0
29.0
12.0
16.0
16.0
87.0
34.0
26.0
30.0
24.0
38.0
74.0
26.0
96.0
13.0
77.0
42.0
45.0
36.0
45.0
26.0
54.0
33.0
42.0
56.0
132.0
127.0
29.0
32.0
59.0
50.0
75.0
16.0
58.0
52.0
32.0
64.0
110.0
92.0
76.0
42.0
18.0
94.0
68.0
14.0
17.0
16.0
108.0
29.0
32.0
41.0
71.0
90.0
109.0
146.0
114.0
111.0
52.0
59.0
76.0
63.0
172.0
127.0
158.0
96.0
140.0
29.0
24.0
77.0
30.0
24.0
115.0
381.0
19.0
213.0
106.0
22.0
44.0
204.0
208.0
67.0
70.0
153.0
130.0
109.0
149.0
14.0
126.0
245.0
51.0
353.0
151.0
115.0
128.0
213.0
243.0
215.0
126.0
41.0
52.0
126.0
95.0
186.0
178.0
369.0
39.0
261.0
107.0
175.0
9.0
124.0
182.0
109.0
187.0
208.0
119.0
256.0
101.0
360.0
148.0
136.0
205.0
197.0
127.0
185.0
40.0
31.0
126.0
291.0
21.0
182.0
92.0
31.0
127.0
172.0
183.0
167.0
32.0
197.0
148.0
67.0
244.0
239.0
244.0
144.0
188.0
187.0
193.0
19.0
247.0
144.0
228.0
146.0
248.0
261.0
283.0
241.0
188.0
187.0
228.0
240.0
193.0
191.0
217.0
237.0
228.0
240.0
103.0
189.0
169.0
295.0
197.0
309.0
199.0
499.0
187.0
186.0
173.0
297.0
282.0
362.0
194.0
389.0
317.0
246.0
244.0
235.0
216.0
294.0
381.0
268.0
261.0
375.0
146.0
479.0
320.0
452.0
139.0
418.0
259.0
160.0
230.0
247.0
347.0
317.0
500.0
288.0
500.0
358.0
500.0
434.0
346.0
482.0
496.0
491.0
446.0
475.0
266.0
500.0
500.0
389.0
500.0
418.0
500.0
500.0
480.0
270.0
500.0
78.0
450.0
337.0
500.0
500.0
500.0
489.0
273.0
341.0
500.0
500.0
469.0
463.0
495.0
407.0
500.0
500.0
338.0
260.0
500.0
500.0
500.0
428.0
500.0
500.0
500.0
500.0
500.0
500.0
