10.0
25.0
11.0
13.0
33.0
88.0
50.0
45.0
36.0
43.0
78.0
41.0
44.0
49.0
500.0
102.0
70.0
104.0
29.0
79.0
55.0
31.0
49.0
124.0
500.0
500.0
156.0
166.0
500.0
100.0
500.0
500.0
263.0
500.0
500.0
500.0
146.0
500.0
98.0
500.0
164.0
45.0
60.0
500.0
500.0
500.0
500.0
500.0
500.0
264.0
142.0
87.0
100.0
500.0
110.0
242.0
29.0
258.0
500.0
29.0
91.0
11.0
176.0
202.0
31.0
31.0
36.0
38.0
11.0
10.0
12.0
85.0
500.0
500.0
91.0
215.0
19.0
19.0
12.0
10.0
10.0
55.0
202.0
60.0
41.0
20.0
29.0
23.0
11.0
9.0
9.0
37.0
54.0
87.0
416.0
89.0
124.0
500.0
109.0
137.0
137.0
117.0
184.0
99.0
157.0
81.0
129.0
129.0
500.0
108.0
500.0
151.0
500.0
105.0
500.0
107.0
500.0
