-541.009521924
-305.102779047
-503.791938088
-894.130084338
-460.68926268
-177.371639284
-382.182973995
-179.002542044
-382.528075652
-543.313358613
-168.888287189
-185.180376713
-346.864381947
-306.863055386
-455.741190486
-12.898368794
-15.1302755416
-372.58726466
-743.232957089
-186.139804431
-661.185805171
-101.578350061
-367.815727836
-425.161183055
-479.883179823
-602.054320964
-145.420566839
-143.939076455
-225.134301697
-345.234171518
-83.0319435818
-209.234865957
-202.715869752
1.02438221858
-481.017325924
-888.489178689
-189.159481718
-292.253916889
-147.945607704
-217.100917983
-32.6195623559
-177.128063791
-465.956318968
-588.859983849
-487.968723982
-424.561400603
-212.522021509
-535.140212951
-214.224002341
-240.493277681
-640.299455865
-820.127652553
-463.93989088
-164.745368369
-173.987190343
-242.179600234
-246.210215355
-235.89839346
-301.544004773
106.255191551
-151.121321991
-101.266183592
-303.125917679
-279.223643542
-290.781359437
-87.0731195012
-75.4621066516
-394.001707037
-194.89772575
-527.010215439
-202.088302721
-199.022913157
-322.400136028
33.6906633122
-14.1551747747
-408.041499191
-86.203453845
20.3083588532
-88.4658028841
16.2245359457
-289.732440026
-651.683030543
-73.6980580553
142.571836003
-273.604506343
-159.722712732
-111.729829419
5.13732380363
25.6223067763
-168.689877591
-205.94778105
-224.1755189
-228.50532727
-133.908240805
-457.62906609
-485.413306372
-569.922154732
-267.532543927
-366.617100922
