9.0
40.0
73.0
15.0
11.0
9.0
67.0
16.0
9.0
26.0
39.0
10.0
21.0
56.0
8.0
62.0
14.0
29.0
38.0
59.0
38.0
35.0
49.0
39.0
20.0
90.0
30.0
97.0
95.0
46.0
150.0
43.0
45.0
34.0
76.0
32.0
71.0
68.0
68.0
34.0
203.0
38.0
93.0
69.0
45.0
44.0
40.0
78.0
424.0
33.0
68.0
394.0
65.0
75.0
53.0
52.0
43.0
36.0
54.0
75.0
33.0
39.0
32.0
47.0
48.0
53.0
67.0
56.0
28.0
46.0
84.0
34.0
191.0
33.0
68.0
73.0
139.0
36.0
50.0
44.0
35.0
75.0
33.0
69.0
114.0
31.0
41.0
41.0
35.0
500.0
62.0
417.0
500.0
99.0
68.0
333.0
213.0
52.0
281.0
219.0
67.0
500.0
64.0
500.0
165.0
204.0
328.0
303.0
311.0
192.0
324.0
500.0
65.0
490.0
500.0
76.0
189.0
206.0
198.0
209.0
257.0
133.0
500.0
290.0
153.0
164.0
171.0
185.0
180.0
181.0
500.0
54.0
310.0
229.0
237.0
44.0
161.0
500.0
170.0
49.0
147.0
500.0
240.0
273.0
219.0
37.0
191.0
210.0
157.0
318.0
131.0
132.0
500.0
500.0
500.0
49.0
112.0
121.0
241.0
224.0
217.0
225.0
167.0
189.0
222.0
190.0
